-0.0990801
-0.104166
0.0792199
0.0703392
0.0137119
-0.00653953
0.0305429
-0.0224279
-0.0163498
-0.0134551
0.0305365
-0.0126919
-0.00533444
-0.00258807
-0.0188978
0.000889838
-0.0445398
-0.0114493
-0.0272304
-0.0136816
0.0505707
-0.00931175
-0.0198393
0.0194264
0.0118559
0.0221586
0.039778
0.0171611
0.0259381
0.0341358
-0.0604978
-0.00286905
-0.0475227
0.0132967
0.0111944
0.0450604
-0.0245684
-0.00394095
0.00841088
0.00571387
-0.0676962
0.00111189
-0.0414907
-0.00817331
0.043163
0.0352798
-0.0210136
0.00823066
-0.00547588
0.0347932
0.0132552
0.0405644
0.00148478
-0.00526724
-0.076696
0.0279787
-0.00542303
0.053137
0.0369283
0.0323494
-0.0632325
-0.0302179
-0.0399451
0.0282393
0.0187177
0.0589242
-0.00302607
0.0373476
-0.0205303
0.0273392
-0.0296286
-0.00780881
0.0377512
0.0393759
0.0264768
0.0290324
0.00772211
0.0182648
0.0383715
-0.00557524
0.0346684
-0.0354951
0.0121231
0.00876713
-0.0112055
-0.0583229
-0.00375142
0.0191607
-0.0651495
0.0083779
0.0578613
0.0577923
0.0691216
-0.0315474
0.0232538
0.0601492
0.021579
0.0312702
-0.0108653
-0.0398979
-0.083997
-0.0487215
-0.0574827
0.0412808
0.0224465
0.0536114
0.03521
-0.0210374
0.0400099
-0.00329888
-0.0183014
-0.00975469
0.0386688
0.0307592
0.0337001
-0.0445616
0.058603
-0.0248362
0.0401149
0.00168311
-0.0219508
-0.0403072
-0.0295686
0.0645115
0.0118356
0.0371131
-0.0197568
0.0396802
0.0701226
0.025777
-0.0197081
0.0538745
0.020374
0.0256609
-0.0339179
-0.0117203
-0.0134466
0.0306974
0.000260009
0.0116796
0.0114414
-0.0485655
-0.0237994
0.0625795
0.0183509
0.058669
-0.0114256
0.0910516
-0.00308441
0.0294813
0.0509864
0.00593701
-0.0652645
-0.0121821
-0.0406063
0.0144406
0.0333043
0.039461
0.00471767
-0.0326368
0.00797505
0.00727971
0.0153324
-0.00215624
-0.0416102
0.0755441
-0.0151524
-0.00999729
0.029276
0.0113579
-0.0195334
0.08171
0.0405323
0.0341252
0.0333566
0.0592589
-0.00161308
-0.0116593
0.0619502
0.0206398
0.00657948
9.5563e-05
0.00745947
0.038803
0.0210065
0.00465017
0.00291055
-0.000535094
0.0051977
-0.00613468
-0.00745481
-0.0262503
-0.0129577
-0.0323418
0.0212765
0.0228893
-0.00831625
0.0235895
0.0137316
0.0203784
0.0102619
0.0669226
0.0151991
-0.0523274
0.00231503
0.00544352
-0.0421579
-0.0070947
0.0570068
0.0481936
0.0178986
0.0330504
-0.0246225
0.0788792
-0.00670529
0.0386994
-0.0041908
0.0254882
-0.0323045
0.025416
0.0250642
-0.023238
-0.0288281
-0.0339391
-0.020768
0.0452211
0.0557325
-0.0105846
-0.0444763
0.0349152
0.0769078
0.0601541
0.0316979
0.0151376
0.0433938
0.0051188
0.0600324
0.0152822
-0.0331706
0.000727133
0.00585535
0.012878
0.0647218
-0.0023979
-0.00676509
0.0354485
-0.00164525
-0.0480948
-0.0160677
-0.00700385
0.0443142
0.0563086
0.0234619
-0.0144023
-0.0105008
0.0269699
-2.68591
-1.89312
-1.45718
-1.12043
-0.697101
-0.489745
-0.226612
-0.238645
-0.168154
-0.0783678
