-0.0517965
-0.0454715
0.00112635
-0.0183006
-0.0283798
-0.0249207
-0.0317728
-0.0473199
-0.0280962
-0.0468915
-0.0132963
-0.0845155
-0.116456
-0.0599857
-0.0273426
-0.0164979
-0.0501062
-0.0877167
-0.0489384
-0.0262521
-0.0588826
-0.0595463
-0.0230201
-0.0445255
-0.0358264
-0.00566792
-0.0410945
-0.0236742
-0.0337901
-0.0452062
-0.0810383
-0.0302918
-0.0495832
-0.0980708
-0.0201924
-0.0270231
-0.0355775
-0.0486889
-0.0420812
-0.0621056
-0.045981
-0.061297
-0.0607384
-0.0220509
-0.0709744
-0.0571453
-0.0846745
-0.0373591
-0.05389
-0.0107607
-0.0327352
-0.0414174
-0.0267777
-0.0236259
-0.105089
-0.0406779
-0.0470411
-0.0653314
-0.0542064
-0.100517
-0.042357
0.0244949
-0.0159033
-0.0388191
-0.0376454
-0.0429878
-0.0288441
-0.0638536
-0.0396203
-0.0836863
-0.0582366
0.0056208
0.00633108
-0.0579572
-0.028068
-0.0221314
-0.0212155
-0.0174853
-0.0704282
-0.0482747
-0.0559974
-0.0216179
-0.020976
-0.0657199
-0.0106685
-0.0755963
-0.0705286
-0.121239
-0.0869362
-0.0558459
-0.0159971
-0.0264247
-0.0448784
4.80328e-05
-0.0139824
-0.0204045
-0.0040527
-0.0813314
-0.0141653
-0.0709116
-0.0417297
-0.0377177
-0.0423948
-0.000777792
-0.053262
-0.0782904
-0.0273517
-0.0315542
-0.0333479
-0.0202316
-0.0428917
-0.0293845
-0.132348
-0.0635182
0.00696397
-0.00626457
-0.0369406
-0.0362684
-0.046252
-0.0698885
-0.0275497
-0.00187126
-0.015179
-0.0349912
-0.0146538
-0.0572837
-0.00552268
0.00690531
-0.0207647
-0.0256337
-0.0335549
-0.035631
-0.0113952
-0.020592
-0.0390016
-0.0268238
-0.0415684
-0.0266894
0.010598
-0.00829341
-0.0104162
-0.0552702
-0.027254
-0.0711937
-0.0460131
-0.0201874
-0.0560816
-0.0317345
-0.00536589
-0.0232353
-0.0201797
-0.0403358
-0.0483003
-0.019374
-0.0365358
-0.0276594
-0.0313536
-0.0207294
-0.00667929
-0.0414331
-0.0615857
-0.0370887
-0.0567108
-0.0597545
-0.0573966
-0.0450524
-0.0360922
-0.0137596
-0.0249338
-0.00478085
-0.0338448
-0.0528225
-0.0463575
-0.0572321
-0.00471451
-0.0529507
-0.0643268
-0.0187807
-0.0243787
-0.0929231
-0.0491233
-0.0734916
-0.036368
0.01138
-0.063119
-0.0411769
-0.0598216
-0.0381761
-0.0145137
-0.0265824
-0.0588249
-0.0221375
-0.0378996
-0.0590032
-0.0985981
-0.0567142
-0.0979827
-0.0220956
-0.0591382
-0.0414703
-0.0204355
-0.0107513
-0.0343488
-0.0141828
-0.0292268
-0.0250511
-0.0510707
-0.0569623
-0.0313417
-0.049565
-0.0785709
-0.0278428
-0.0337138
-0.0178867
-0.0347041
-0.0660772
-0.0284435
-0.0459314
-0.0473815
-0.0173173
-0.000494865
-0.0924722
-0.0583807
0.00193545
-0.0100204
-0.045687
-0.054517
-0.0320493
-0.00685741
-0.0177298
-0.0265548
-0.0311474
-0.0167077
-0.0229502
-0.0372527
-0.0309758
-0.023329
-0.0575843
-0.0482668
-0.0629031
-0.0228375
-0.0486433
0.000239063
-0.0349071
-0.0609527
-0.0596043
-0.0192847
-0.0557392
-0.0189497
-0.0553896
-0.088851
-0.0523615
-0.0379497
-0.0641
-0.054824
-0.0205907
-1.32691
-1.09925
-0.914263
-0.816947
-0.807282
-0.74321
-0.826968
-0.824166
-0.72157
-0.754185
